16
24
26
30
33
45
48
51
62
74
80
97
148
150
165
183
207
208
211
214
218
220
230
231
249
257
295
308
328
340
351
358
359
371
374
382
386
391
427
440
441
449
450
462
467
479
496
508
514
517
518
519
542
562
566
570
577
580
594
598
599
613
623
628
635
642
645
646
647
655
656
663
668
669
671
672
673
691
702
713
715
723
760
765
769
774
780
781
789
797
800
815
819
827
843
848
852
861
882
887
893
895
898
921
924
982
1006
1007
1020
1022
1027
1041
1050
1067
1087
1090
1096
1099
1139
1154
1161
1162
1165
1179
1182
1201
1202
1205
1206
1240
1259
1268
1273
1274
1284
1291
1299
1300
1306
1325
1340
1354
1372
1376
1386
1418
1422
1436
1437
1449
1450
1458
1473
1478
1484
1487
1489
1502
1503
1512
1527
1551
1558
1559
1564
1571
1573
1583
1596
1597
1630
1632
1635
1638
1651
1655
1661
1665
1690
1705
1708
1710
1721
1725
1739
1741
1765
1781
1798
1811
1818
1819
1828
1832
1837
1843
1846
1861
1868
1875
1886
1900
1933
1936
1972
1981
1985
1987
1988
1999
2000
2018
2023
2032
2044
2051
2069
2075
2080
2123
2133
2137
2139
2159
2162
2169
2172
2176
2196
2205
2211
2216
2227
2241
2245
2284
2286
2287
2300
2306
2308
2312
2314
2315
2343
2349
2350
2354
2359
2375
2384
2398
2402
2403
2407
2419
2433
2439
2441
2466
2472
2480
2481
2493
2550
2558
2581
2596
2601
2605
2606
2620
2639
2642
2644
2645
2670
2677
2689
2691
2697
2701
2702
2707
2724
2733
2749
2750
2761
2772
2807
2821
2823
2825
2845
2846
2847
2858
2875
2886
2920
2929
2930
2932
2936
2949
2957
2959
2982
2996
2997
3016
3017
3024
3030
3041
3050
3054
3060
3065
3076
3080
3083
3092
3127
3133
3143
3175
3184
3204
3213
3214
3222
3226
3228
3238
3250
3263
3273
3282
3285
3288
3301
3310
3315
3321
3327
3349
3358
3365
3367
3401
3411
3426
3430
3432
3439
3444
3449
3467
3468
3497
3498
3499
3505
3509
3513
3517
3522
3524
3532
3541
3544
3549
3570
3577
3579
3586
3591
3603
3610
3615
3619
3620
3621
3646
3658
3665
3697
3699
3706
3718
3723
3724
3725
3728
3731
3741
3754
3755
3758
3800
3803
3807
3817
3818
3827
3836
3849
3867
3868
3885
3891
3897
3904
3906
3910
3918
3923
3933
3951
3960
3973
3975
3976
3986
3994
4005
4017
4021
4048
4089
4102
4105
4131
4134
4140
4153
4158
4162
4168
4185
4193
4221
4224
4228
4234
4237
4253
4254
4269
4271
4295
4297
4298
4312
4324
4335
4346
4360
4364
4373
4379
4387
4394
4415
4429
4443
4447
4448
4453
4455
4466
4471
4473
4475
4480
4485
4508
4509
4523
4558
4566
4569
4580
4581
4583
4584
4595
4598
4602
4604
4613
4630
4637
4641
4645
4652
4657
4677
4682
4684
4685
4699
4705
4710
4721
4722
4740
4747
4751
4779
4781
4795
4819
4823
4852
4857
4874
4878
4882
4890
4892
4905
4911
4913
4918
4920
4923
4925
4927
4928
4929
4940
4943
4954
4963
4969
4974
4987
4988
4989
4993
4995
5003
5012
5013
5024
5033
5035
5042
5043
5054
5081
5102
5106
5107
5115
5118
5126
5131
5141
5163
5175
5181
5182
5187
5196
5206
5207
5211
5220
5230
5239
5254
5277
5287
5290
5311
5313
5334
5340
5345
5350
5355
5378
5386
5388
5389
5397
5413
5423
5436
5448
5458
5466
5489
5496
5498
5500
5503
5505
5506
5509
5511
5513
5525
5559
5577
5581
5598
5602
5611
5612
5614
5615
5655
5664
5683
5715
5730
5740
5741
5787
5793
5813
5814
5822
5825
5851
5852
5858
5865
5869
5873
5878
5884
5906
5917
5918
5937
5961
5976
5977
5987
5988
6004
6010
6012
6015
6016
6020
6044
6045
6052
6056
6058
6066
6071
6082
6084
6093
6118
6129
6136
6137
6147
6163
6164
6170
6181
6193
6198
6212
6214
6218
6225
6245
6247
6255
6266
6267
6278
6288
6297
6299
6302
6319
6332
6343
6351
6354
6355
6358
6363
6364
6370
6382
6387
6404
6406
6415
6417
6419
6424
6426
6429
6449
6450
6451
6470
6487
6489
6493
6500
6501
6503
6526
6531
6532
6533
6585
6591
6625
6638
6648
6652
6657
6666
6668
6676
6677
6682
6683
6686
6690
6692
6701
6705
6718
6721
6724
6728
6734
6754
6762
6770
6780
6785
6794
6798
6812
6817
6819
6828
6846
6855
6858
6867
6915
6935
6988
6991
7000
7001
7005
7022
7048
7050
7059
7064
7073
7078
7097
7098
7100
7101
7110
7117
7140
7168
7174
7177
7205
7218
7219
7228
7230
7235
7241
7247
7249
7254
7264
7273
7286
7291
7292
7299
7300
7307
7311
7312
7322
7335
7341
7351
7382
7401
7411
7423
7431
7437
7439
7440
7441
7460
7479
7488
7507
7510
7519
7530
7553
7558
7568
7576
7578
7587
7590
7592
7599
7611
7612
7616
7633
7634
7638
7641
7660
7682
7696
7711
7736
7757
7787
7803
7807
7808
7811
7813
7818
7830
7842
7844
7863
7867
7869
7874
7875
7881
7883
7893
7896
7897
7913
7925
7933
7935
7950
7962
7963
7964
7967
7978
7991
7996
8010
8036
8042
8048
8054
8055
8065
8082
8086
8089
8099
8134
8144
8146
8148
8169
8191
8192
8203
8209
8219
8225
8236
8252
8256
8260
8273
8278
8286
8312
8314
8315
8334
8346
8354
8355
8378
8382
8383
8388
8392
8405
8408
8415
8425
8426
8451
8462
8480
8491
8498
8512
8516
8529
8536
8539
8542
8546
8552
8559
8564
8565
8571
8572
8605
8606
8613
8622
8623
8624
8625
8629
8633
8634
8648
8660
8667
8677
8695
8697
8701
8702
8711
8718
8719
8721
8724
8740
8745
8759
8766
8777
8779
8781
8800
8814
8825
8831
8838
8842
8858
8865
8884
8885
8893
8894
8896
8906
8910
8912
8924
8940
8941
8983
8999
9000
9015
9018
9023
9026
9029
9030
9032
9035
9039
9041
9049
9053
9062
9073
9080
9096
9099
9110
9116
9128
9131
9132
9138
9145
9149
9158
9175
9190
9205
9207
9214
9221
9239
9259
9268
9275
9281
9286
9298
9300
9330
9345
9357
9366
9377
9380
9394
9405
9414
9421
9428
9433
9435
9440
9449
9476
9477
9485
9491
9503
9525
9528
9529
9540
9543
9544
9547
9561
9563
9567
9579
9599
9601
9621
9623
9631
9646
9647
9657
9661
9673
9685
9697
9705
9706
9725
9752
9763
9768
9782
9801
9809
9822
9844
9857
9890
9904
9914
9927
9928
9931
9941
9965
9977
9981
9983
9988
